[gd_scene load_steps=4 format=3 uid="uid://dnc10ecx7q077"]

[ext_resource type="PackedScene" uid="uid://13jky1qrd4kh" path="res://Scenes/MainCharacter.tscn" id="1_uh758"]
[ext_resource type="PackedScene" uid="uid://dltqep85ntqcf" path="res://Scenes/tavern.tscn" id="2_dagtt"]
[ext_resource type="PackedScene" uid="uid://clc82osoa0wgq" path="res://Scenes/warp_zone.tscn" id="3_4tour"]

[node name="Node3D" type="Node3D"]

[node name="DirectionalLight3D" type="DirectionalLight3D" parent="."]
transform = Transform3D(-0.8007, -0.218119, 0.557945, -0.57798, 0.0363489, -0.815241, 0.157539, -0.975245, -0.155173, 20.7565, 12.5434, -1.87557)

[node name="CharacterBody3D" parent="." instance=ExtResource("1_uh758")]
transform = Transform3D(1, 0, 0, 0, 1, 0, 0, 0, 1, -3.33749, 4.29347, -0.426135)

[node name="Camera3D" type="Camera3D" parent="CharacterBody3D"]
transform = Transform3D(-0.404264, -0.317681, 0.8577, 0, 0.937744, 0.347329, -0.914643, 0.140412, -0.379096, 10.767, 3, -1.69)

[node name="Tavern" parent="." instance=ExtResource("2_dagtt")]

[node name="WarpZone" parent="." instance=ExtResource("3_4tour")]
transform = Transform3D(-0.258819, 0, 0.965926, 0, 1, 0, -0.965926, 0, -0.258819, -7.77354, 1.89348, 6.26114)
