[gd_scene load_steps=6 format=3 uid="uid://28yg82c3wv0u"]

[ext_resource type="Script" path="res://Scripts/tower_defence.gd" id="1_ly6h8"]
[ext_resource type="PackedScene" uid="uid://63cibc20kpb" path="res://Models/TD/TDSampleLevel.blend" id="2_sfrft"]
[ext_resource type="PackedScene" uid="uid://bs7sn0mqvynvf" path="res://Scenes/TowerDefence/plinth.tscn" id="3_0loic"]

[sub_resource type="Curve3D" id="Curve3D_3qc1x"]
_data = {
"points": PackedVector3Array(0, 0, 0, 0, 0, 0, -44.4954, 1.38837, 11.5288, 0, 0, 0, 0, 0, 0, -14.9391, 1.61475, 13.4086, 0, 0, 0, 0, 0, 0, -8.58923, 2.2431, 18.6262, 0, 0, 0, 0, 0, 0, -3.2764, 3.5168, 29.2026, 0, 0, 0, 0, 0, 0, -1.97224, 4.021, 33.3893, 0, 0, 0, 0, 0, 0, -8.03601, 5.21518, 43.3054, 0, 0, 0, 0, 0, 0, -4.25193, 6.33528, 52.6063, 0, 0, 0, 0, 0, 0, 2.57813, 7.356, 61.082, 0, 0, 0, 0, 0, 0, 11.2681, 7.80112, 64.7782, 0, 0, 0, 0, 0, 0, 15.2502, 7.63127, 63.3678, 0, 0, 0, 0, 0, 0, 16.6458, 7.22412, 59.9869, 0, 0, 0, 0, 0, 0, 14.7533, 6.65005, 55.2201, 0, 0, 0, 0, 0, 0, 18.1404, 6.17199, 51.2504, 0, 0, 0, 0, 0, 0, 23.65, 6.11367, 50.7662, 0, 0, 0, 0, 0, 0, 27.2807, 5.95798, 49.4734, 0, 0, 0, 0, 0, 0, 29.261, 5.49451, 45.6248, 0, 0, 0, 0, 0, 0, 31.6949, 4.48406, 37.2344, 0, 0, 0, 0, 0, 0, 37.6569, 3.83671, 31.859, 0, 0, 0, 0, 0, 0, 44.3264, 3.32928, 27.6455, 0, 0, 0, 0, 0, 0, 53.9326, 3.00293, 24.9355),
"tilts": PackedFloat32Array(0, 0, 0, 0, 0, 0, 0, 0, 0, 0, 0, 0, 0, 0, 0, 0, 0, 0, 0, 0)
}
point_count = 20

[sub_resource type="Curve3D" id="Curve3D_q3sa7"]
_data = {
"points": PackedVector3Array(0, 0, 0, 0, 0, 0, -44.3203, 7.57127, 62.8695, 0, 0, 0, 0, 0, 0, -32.13, 7.39808, 61.4315, 0, 0, 0, 0, 0, 0, -19.8269, 7.07064, 58.7125, 0, 0, 0, 0, 0, 0, -7.4108, 6.58892, 54.7125, 0, 0, 0, 0, 0, 0, -3.89658, 6.46131, 53.6529, 0, 0, 0, 0, 0, 0, 2.10949, 7.3702, 61.2, 0, 0, 0, 0, 0, 0, 9.62803, 7.85787, 65.2494, 0, 0, 0, 0, 0, 0, 13.1442, 7.80037, 64.7719, 0, 0, 0, 0, 0, 0, 16.7674, 7.37829, 61.2672, 0, 0, 0, 0, 0, 0, 16.4057, 7.02793, 58.3579, 0, 0, 0, 0, 0, 0, 14.7521, 6.60799, 54.8708, 0, 0, 0, 0, 0, 0, 17.2035, 6.21442, 51.6028, 0, 0, 0, 0, 0, 0, 23.0649, 6.15597, 51.1174, 0, 0, 0, 0, 0, 0, 28.2168, 5.8875, 48.8881, 0, 0, 0, 0, 0, 0, 31.1145, 4.6946, 38.9827, 0, 0, 0, 0, 0, 0, 35.6686, 4.01978, 33.3792, 0, 0, 0, 0, 0, 0, 45.03, 3.329, 27.6431, 0, 0, 0, 0, 0, 0, 53.5824, 3.05915, 25.4024),
"tilts": PackedFloat32Array(0, 0, 0, 0, 0, 0, 0, 0, 0, 0, 0, 0, 0, 0, 0, 0, 0, 0)
}
point_count = 18

[node name="TowerDefence" type="Node3D"]
script = ExtResource("1_ly6h8")

[node name="TDCamera" type="Camera3D" parent="."]
transform = Transform3D(-0.499769, -0.59062, 0.633561, 0.015182, 0.725375, 0.688187, -0.866025, 0.353553, -0.353553, 22.6645, 32.5833, -12.558)
projection = 1
size = 59.259
near = 0.001

[node name="DirectionalLight3D" type="DirectionalLight3D" parent="."]
transform = Transform3D(0.999994, -0.000404838, -0.00336164, 0, -0.992827, 0.119565, -0.00338593, -0.119564, -0.992821, -4.71499, 46.4901, 41.2354)

[node name="Label3D" type="Label3D" parent="."]
transform = Transform3D(0.0909976, 0, 0.995851, 0, 1, 0, -0.995851, 0, 0.0909976, 0, 2.15244, 0)
text = "Tower Defence Level
"
font_size = 128

[node name="SpawnTimer" type="Timer" parent="."]
wait_time = 2.0
autostart = true

[node name="TDSampleLevel" parent="." instance=ExtResource("2_sfrft")]

[node name="PathOne" type="Path3D" parent="."]
transform = Transform3D(0.999994, -0.000404838, -0.00336164, 0, -0.992826, 0.119565, -0.00338593, -0.119564, -0.992821, -4.51495, 0, 40.0499)
curve = SubResource("Curve3D_3qc1x")

[node name="PathTwo" type="Path3D" parent="."]
transform = Transform3D(0.999994, -0.000404838, -0.00336164, 0, -0.992826, 0.119565, -0.00338593, -0.119564, -0.992821, -4.71499, -0.00605392, 41.2354)
curve = SubResource("Curve3D_q3sa7")

[node name="Plinths" type="Node3D" parent="."]

[node name="DefenderPlinth" parent="Plinths" instance=ExtResource("3_0loic")]
transform = Transform3D(1, 0, 0, 0, 1, 0, 0, 0, 1, 0.201595, 0.388641, -0.177668)

[node name="DefenderPlinth2" parent="Plinths" instance=ExtResource("3_0loic")]
transform = Transform3D(1, 0, 0, 0, 1, 0, 0, 0, 1, 2.43772, 0.388645, -14.7663)

[node name="DefenderPlinth3" parent="Plinths" instance=ExtResource("3_0loic")]
transform = Transform3D(1, 0, 0, 0, 1, 0, 0, 0, 1, 32.3489, 0.388638, -5.99186)

[node name="DefenderPlinth4" parent="Plinths" instance=ExtResource("3_0loic")]
transform = Transform3D(1, 0, 0, 0, 1, 0, 0, 0, 1, 26.5956, 0.388638, -15.5806)

[node name="DefenderPlinth5" parent="Plinths" instance=ExtResource("3_0loic")]
transform = Transform3D(1, 0, 0, 0, 1, 0, 0, 0, 1, 26.3503, 0.388645, 13.7693)

[node name="DefenderPlinth6" parent="Plinths" instance=ExtResource("3_0loic")]
transform = Transform3D(1, 0, 0, 0, 1, 0, 0, 0, 1, -1.53581, 0.388641, 16.6866)

[node name="DefenderPlinth7" parent="Plinths" instance=ExtResource("3_0loic")]
transform = Transform3D(1, 0, 0, 0, 1, 0, 0, 0, 1, -23.9195, 0.388638, -9.26616)

[node name="DefenderPlinth8" parent="Plinths" instance=ExtResource("3_0loic")]
transform = Transform3D(1, 0, 0, 0, 1, 0, 0, 0, 1, -11.027, 0.388641, -23.7058)

[connection signal="timeout" from="SpawnTimer" to="." method="_on_spawn_timer_timeout"]
